29843
90131
67319
73786
97777
52866
81168
95708
4836
72769
6217
52613
55151
99274
71434
14015
97767
35599
86758
55769
41041
63618
70302
17347
23186
25262
12679
75984
76943
36653
92558
37256
77663
74881
97473
5364
2309
49838
72825
58423
8495
70995
56853
54316
2680
10059
76506
75924
12100
83809
44771
93024
13122
1431
1775
69671
39691
67550
16956
53000
64730
70552
65155
88233
40908
3060
45883
81854
44012
60686
53846
77352
2269
17452
14211
53084
82074
48590
14942
57962
48287
13518
37912
40346
71047
32459
24255
11473
51042
85191
76613
15541
37872
86512
60566
9283
49031
65709
25030
87435
74674
76947
98728
74008
78891
53973
93521
45712
94659
71666
96366
50594
38747
1025
34152
71086
4424
97893
96456
71758
47767
13752
6186
42157
1664
81597
24552
47021
76858
21248
27904
47184
78454
9258
88561
53272
66776
22017
31792
56604
17840
20360
54005
17457
78872
65895
2786
14119
6142
7868
30529
54234
66191
39701
41724
39143
6610
22054
50451
29157
25972
86582
51180
37435
89580
61090
50920
48282
44354
70022
24878
10834
93309
59111
27236
72780
22316
32028
11492
97144
93553
87745
97993
748
74521
4237
17118
71573
18637
62287
74856
6114
91519
73673
39115
54596
58321
31340
53157
26273
58661
30607
4898
44650
63055
38965
58466
13977
29566
31109
31111
86778
87602
7480
91961
92867
82268
88859
815
24900
72273
98276
14005
58665
2910
58573
58348
97500
18618
1153
91813
36031
70277
74071
5374
16832
43033
28548
14457
35238
97076
33912
13589
47483
20114
89147
65896
44406
95956
69936
61245
809
95744
76040
28890
97800
40715
17282
60054
47083
82985
39466
54549
45400
41594
5557
56304
96114
76023
13645
96186
65335
62571
78866
71085
13062
36615
70998
47785
60728
18761
85147
10505
93026
53635
70041
82603
71504
17314
30226
2620
1265
17383
40380
56275
23924
31195
53019
13343
46867
64112
17742
14804
48455
72365
27985
24769
670
76873
65756
4416
56012
25717
94425
9967
29561
80452
9610
13727
42556
74153
61044
35723
6733
25687
4253
31262
67310
525
50054
53142
22997
36086
14139
86510
1474
58292
55664
51186
51313
80057
82464
19137
53110
94314
95787
77972
52399
78789
86577
44515
59334
68272
37147
6907
63170
41324
88606
46546
37056
64166
29758
42597
78313
37754
17278
3964
18628
41492
97415
38654
43338
24589
62119
38103
82610
53973
33723
36551
53918
55256
63585
44561
39449
3148
17642
56468
15882
44865
85752
44365
8669
32223
42933
33480
32336
10978
41961
36875
78278
75968
92445
32862
74101
37240
65589
55758
93519
64431
33185
62746
7549
32160
70424
39900
4254
1852
10394
27898
81490
99082
56046
3982
824
6698
29487
81215
11082
1227
21607
28522
22938
15511
9566
26757
97298
35595
52925
23801
91579
56346
85360
47757
30511
30048
6947
75501
96538
37347
81600
35209
24683
75031
15236
3054
80171
37399
39643
31366
38298
49133
29430
85010
96347
27865
26405
73492
8192
77399
43341
88831
45796
83125
34434
92174
32623
59925
75835
33704
70326
49856
48769
97179
207
8627
37167
80289
85344
80212
33629
12003
51408
16681
10758
63042
97574
84435
81310
25405
75986
98504
69434
22163
64001
62257
76752
97515
48266
59360
35068
45851
62506
14061
68314
32428
62589
36432
66369
91533
30936
64009
24970
43387
87656
40909
31469
33331
79846
43453
73083
70540
80001
81188
13794
67270
30670
64929
23902
82348
42689
82291
63249
56034
6089
99269
54203
90098
74206
75627
6589
23957
15680
34513
8505
33964
57964
28724
63414
55606
48670
78971
38761
760
46307
2178
25388
91998
26180
14037
25747
79943
8676
8379
5710
40911
35957
31266
32417
92958
17159
36408
87048
37663
86540
65739
35765
44992
28475
96045
31153
96422
76877
67931
49507
65640
55859
87356
88435
74242
54134
5968
92623
73127
35602
35704
58103
82340
23709
28817
10062
25944
90822
41058
16582
18560
39740
34942
61603
72048
59509
11637
10544
48236
64170
47780
79693
18647
9437
71250
97307
41161
66763
55376
81834
41439
75794
33895
41631
3573
7352
53530
55084
82241
6379
82562
27018
96464
3547
44677
87513
35685
40032
51076
59884
64322
43862
32602
7878
29707
13494
28321
28080
62585
45774
14332
78573
3580
91267
54868
89475
50575
80125
64022
64508
53573
29912
14633
50215
75305
53398
16849
92508
1424
98831
24577
49733
40437
44482
18800
85022
76499
68250
12627
91705
58244
41649
67944
67356
49382
36077
57695
20965
28279
24183
54017
23110
19517
23180
86301
2363
81420
16763
99184
63290
35104
31978
88448
52428
9252
48934
46681
86423
7820
98380
2921
13190
16652
64769
35054
34989
59395
18953
18532
24465
65953
13670
62242
68918
10627
12878
94238
70708
81434
17022
57638
6525
19847
17898
10277
43558
91901
67102
54842
62483
20514
4108
93719
97087
65745
24522
72297
90031
57743
99859
44922
63759
86071
97727
20076
30502
92555
80758
16181
28100
93148
98148
658
69204
66924
37535
13926
20863
45431
60713
53161
6199
63808
18185
68577
89581
49598
37139
15472
58532
16204
98863
41209
52854
7407
83126
80546
81080
27271
11543
27676
67874
27588
80648
71972
60064
94961
98033
16947
67137
48266
26169
31081
84621
84130
15093
14168
45679
94791
95618
1691
81105
19888
58807
90783
45677
65641
58049
36285
54261
95481
83649
1850
9533
44335
77442
76000
6529
61597
83198
43330
50935
93205
10476
18235
3900
19188
74808
90172
52154
49731
17303
70481
1267
96985
48156
94076
30120
40961
45075
57364
89958
82503
7169
30191
30957
84100
16918
37329
19675
38375
54198
51920
86294
7921
72114
84212
95023
19061
20366
4066
75155
67629
92902
63890
57612
80021
11269
31932
73905
95436
87243
17714
84815
34649
8066
98752
43788
74044
5646
10558
86475
23559
36288
1694
53073
41104
98318
8965
58432
87372
18248
67621
70597
52321
45789
96750
62821
83631
28082
78055
87053
32858
40014
45967
87632
14947
90930
832
10242
27579
35601
98916
2917
77290
26631
86367
22542
66005
58957
29382
2099
86694
98275
76253
32221
12077
45456
34206
91697
90568
3914
32289
35680
240
44640
69117
52975
10801
53927
91090
77078
29417
80824
32740
70688
5296
33818
63598
81392
95019
32927
10641
78963
21757
59376
17379
79153
6581
19704
17876
46347
82873
59430
86326
73373
42859
59261
49599
58670
43493
44673
13069
9254
8173
257
